309061
308926
113622
225247
407051
253759
356846
357069
41256
86969
738924
50471
124161
51092
493157
152424
44000
357306
422258
380458
290609
160320
249383
781977
261794
257678
198323
217969
388601
118724
291138
261395
311678
417495
85887
380154
20003
218354
274999
99009
253577
102769
206249
326471
352378
351626
346969
391910
264659
378430
22214
248756
205681
355549
376149
285620
101423
320626
382108
334029
396795
261450
827294
765955
386104
417005
438619
740194
389331
398135
78806
599129
245537
706343
418691
331185
291105
43119
55557
519237
284
281136
632780
29129
369983
426551
133538
12363
169159
379814
211215
276964
460884
181801
365814
615754
301343
394588
262642
280264
344368
409054
411612
351507
311099
346712
85264
173905
382427
74592
401994
406444
334573
381428
425388
750915
430512
226209
62929
9500
284868
366903
642976
335151
105427
140964
235092
13645
281553
295483
26496
330855
442280
192844
701685
130382
160449
423774
329159
194945
271469
431280
374322
441983
291609
65372
307762
694904
107130
278069
316484
348999
6251
3928
232434
8648
343480
226933
421540
193741
263739
294733
114585
422593
284137
525
7060
292802
381267
152679
200302
394678
419179
207962
84848
431251
157782
129846
275910
280248
11396
292047
436126
129656
212007
159859
360266
4472
140965
240498
91179
335106
126209
406228
434268
222084
321674
314891
217410
228928
408835
209110
315356
359194
603692
685166
179509
33916
123600
158135
471343
5839
218014
26448
126661
369277
435049
330060
10392
412313
195274
54641
371281
345097
744399
253218
70898
707751
77103
359734
128596
436709
407516
356567
428273
76311
391592
121338
60685
705884
33671
61082
347370
316702
36127
103381
209281
436462
412822
440695
373519
17376
315152
374159
426793
297972
138252
131838
358283
436588
331448
350275
863883
201861
14843
374828
32945
392998
91484
343369
413956
409731
118997
610535
102222
147880
141770
330029
425665
16565
100103
390156
126229
580517
22910
378133
384828
77955
117818
414564
391875
211282
375443
228572
215270
295130
120079
180953
404012
49445
427395
197395
56373
18847
85698
318649
611331
249128
286587
361950
719811
34197
155316
8959
330698
229593
313744
313659
342954
384324
79598
124000
23231
254664
404050
129784
344258
808350
62162
429715
436373
154573
421169
192123
351304
134761
79605
262227
16154
49546
129623
379250
73772
132846
175262
343733
747049
37761
169935
383184
180248
182456
155598
100931
64953
50973
95392
413527
12506
2285
425189
354629
636367
175783
765483
374475
257205
121526
386160
407417
253919
236013
238035
301396
250653
107180
379226
82116
95674
158846
368673
23294
270514
510762
354195
77201
349757
338754
162779
438894
36158
11559
312064
338402
243583
321908
219422
337486
61868
86051
171716
144080
365454
9959
288023
150676
225004
241067
418277
117593
78719
98016
12885
375550
85129
148103
780177
181914
22487
269536
217078
136894
373343
391394
587245
191515
332667
120992
179213
139449
389000
140933
210110
472328
98361
61702
185031
873216
179382
442173
412125
425923
80258
354154
10644
375739
363635
364373
331360
218010
388845
41894
190353
434561
285209
207720
10891
318742
125489
86879
95578
193761
215690
699282
239528
178020
76352
102167
402352
229644
425068
308123
132523
133996
355378
60789
316099
39356
684686
441905
356126
349745
323171
231467
786557
238176
851144
52291
303523
364547
856148
126240
372112
226553
93072
367593
16694
125354
428909
114052
241729
17750
310277
5372
254485
146626
114998
400465
154355
257216
202258
344263
419913
435885
282217
285100
201832
332130
102395
288031
169160
227747
332410
426318
293302
383316
62008
401779
306642
202771
1593
351119
305444
352978
325382
15479
319887
82816
344911
669251
259647
234767
215565
202482
368161
239725
110530
139218
317360
210490
359282
366525
158906
421912
233385
350392
465254
6246
330159
275980
235047
11406
310757
6698
298101
97217
427007
70283
283274
50781
223956
458042
219722
137899
204906
18145
408074
305844
247946
180675
251166
374186
73094
343765
329560
368039
109251
183850
229942
394165
417087
337499
431725
72647
345104
389364
72466
274168
435350
221836
121169
147269
365720
56388
230111
108227
110899
316621
15852
22921
223672
16486
116217
129167
145783
736100
39702
175985
319389
213109
192627
198569
107417
12235
412577
292511
309930
188588
135272
223718
45079
410471
256495
10805
352993
421342
670631
117401
11212
265708
405319
122936
151118
190523
117725
218160
728182
190471
187066
667766
17950
254466
433962
190303
235788
252224
11775
209728
171785
235250
438433
220127
394218
329218
169721
369606
393060
400706
167179
160510
244004
406576
64087
418645
155530
204069
205864
372985
644686
389534
242281
32921
218199
201716
64516
383829
266401
238040
118826
352419
435907
209016
79071
327723
249603
439274
293734
302483
310453
354861
410906
20971
12569
132741
427144
195353
251681
400623
400373
754293
149721
151240
365788
339774
428828
414388
231144
336584
438616
347210
7121
342750
774249
27172
149825
407446
29299
704320
312192
396094
690354
381816
378629
91420
110623
233214
333984
35920
810898
244848
154997
290488
95703
18677
111417
439908
24080
245836
247902
519106
395053
148149
196469
67113
384333
344128
342356
235901
268062
49765
318120
392409
356734
207327
85455
345118
88554
490396
327202
14895
346680
299
159034
413654
115681
96012
214018
172544
167798
186069
208800
156753
112202
161926
389620
268161
136944
368968
6720
428928
92392
270993
186502
637857
276534
410687
438882
74374
86241
127030
80876
220772
125578
20510
754061
533615
184486
14937
18754
387809
398361
764013
301400
247096
408331
349275
139452
76231
75754
854889
336593
403101
47292
96443
395334
195817
440355
360801
399070
201557
98947
54030
388247
116343
291119
352347
325607
38775
114017
270537
66679
835720
20789
241688
575165
427314
4629
45608
298786
115949
395420
159892
137785
398666
153933
268246
252008
125010
284564
441346
858314
148829
537267
2029
116844
422297
258328
208352
331798
354931
424569
275866
199651
813255
761911
245689
558
151632
250838
759354
115044
386615
416962
431242
785738
418214
283500
285093
373181
329953
109400
56560
295021
240103
325556
97724
432016
352591
43981
302660
137060
73985
267167
140104
356934
334624
209927
50536
232512
38069
234991
192643
276818
320956
252096
242309
292083
430898
246364
399989
334077
332298
384084
87112
306623
346424
115504
218740
287335
182849
31195
428301
789297
173620
371117
798208
293731
438951
696753
159449
321221
522129
271778
426783
436433
384069
405885
11880
49281
368273
10365
287079
453587
114860
61697
680773
68761
63287
324238
323987
619923
4276
189569
299855
36719
328643
242950
71545
343346
26662
105602
436804
4372
375800
243926
339656
287828
132527
118038
258286
545504
6640
416890
294320
161934
437089
789780
251770
597550
90638
355094
48508
576083
314219
107163
176013
180654
413097
9550
390566
69724
352561
179162
191447
343468
685799
427232
157754
224715
240591
19836
422096
744956
436751
383179
224161
145091
64844
368477
152567
117078
778418
18634
85217
228754
406872
332838
376226
171400
308806
310427
9712
320357
69004
36428
243259
175771
261926
302819
343342
345156
245866
108690
47713
765062
297565
172429
248141
399639
174642
54158
9964
276277
298591
433294
187400
358840
107525
239744
12324
249611
268881
429674
73097
323879
402184
420578
50568
355135
375388
151670
93000
325650
115473
352176
262399
381820
69055
387179
435504
109930
218285
278725
407902
45285
58606
355820
43279
256248
426169
13380
138465
142583
491927
266803
248713
344057
235999
320708
248513
296593
278320
411586
729725
357507
380834
345619
321868
352054
139615
477452
28564
433071
50330
139061
51214
423723
161122
7845
245204
387199
12557
35886
576993
356809
316699
848543
109314
46272
113176
785494
196721
305988
115833
71066
128384
615131
719611
221838
276666
110692
294325
161968
261568
32353
330724
790144
237843
40690
142185
40803
351475
437856
153422
353036
686468
348409
89741
399190
351113
603856
331850
307967
157986
199488
428851
580184
114156
391314
85270
406403
349879
20014
11016
214348
738133
177788
346678
389036
442177
1963
79179
373541
32183
703695
234615
45007
369358
696543
433356
417475
142218
370776
326540
192648
332392
298009
59269
263621
400203
139375
404190
310416
319166
469092
167296
358980
214613
314448
147951
407730
34744
140185
659785
338443
917
257302
3199
173543
366238
674069
192066
425521
322703
417170
355932
288072
334337
258430
299817
40519
292261
67433
80262
389507
206966
160351
232280
333175
199044
175526
59638
177532
19310
303866
243054
291150
82536
43623
411279
43729
93775
125022
268078
351200
380626
152618
136455
154918
292290
370078
15202
57928
357228
135290
77110
194265
352198
391456
36541
46982
357120
185557
860889
216302
57789
69460
258578
315160
171983
292583
81734
372922
193530
431121
199130
136268
199593
261369
352129
483537
369650
375041
303812
270882
228149
602596
3681
310670
438051
104934
64723
394547
354319
162501
95817
10778
372762
21638
434212
120783
354692
349998
387266
408907
378992
288398
200487
65923
113004
361805
74546
305371
7377
121973
385762
352948
409467
164780
146889
322152
123718
810879
378229
275491
325919
137677
371504
235417
104231
13853
337321
366539
221956
506800
260277
98639
199892
282463
207455
161156
30213
58601
39128
20457
89121
352784
251745
394907
61031
280055
203615
75382
301662
459484
226062
384931
720668
160731
347364
420058
32802
203347
345648
298707
362745
410301
347349
292215
437917
83222
214581
786831
84040
274203
106438
358112
56555
333194
116372
137303
424062
392432
375906
135974
814130
437048
50125
326999
75591
150970
392462
395241
332772
827474
415383
370297
249715
439417
357563
136826
370161
377626
104296
421996
739806
385692
93224
223736
156223
349133
298556
385073
199306
37512
84211
767701
249984
330641
402799
819481
51047
429682
406670
11056
84944
181662
207685
392138
203590
311193
197945
327512
285141
115539
430034
205962
166845
338781
75677
265834
69166
683420
434479
125326
226698
251291
3496
398312
298754
322851
398767
189573
265809
269889
425373
264635
373370
252734
116314
252673
267591
311955
157501
235048
252686
379579
388298
139611
306441
99815
334631
389563
244108
192373
192927
188566
298208
71757
19059
10847
398234
44801
172266
89438
325853
129506
252360
202523
351346
161891
259761
707624
281848
146149
278873
117978
357599
360922
285762
26430
622067
212368
113287
200543
263993
335473
332866
334072
711691
156595
408749
427059
67795
241288
137703
93682
298517
291409
415230
64354
349860
219121
432337
436213
269342
206716
62670
177146
164792
199628
239695
407832
440810
354584
73024
186532
46731
75556
33458
258170
187465
292265
305975
245041
250262
358078
235300
121515
216965
171083
756546
312097
85762
33826
106150
307366
263081
425817
36047
67956
407350
126013
404734
302743
208330
315250
286331
165745
274841
1448
161813
318859
65055
90867
367947
191375
847396
198832
147858
405194
439959
49117
436901
358851
423768
238188
377881
159402
57775
350148
258356
249328
42750
285015
53393
164137
86372
8117
25844
374440
474901
194054
183331
368003
261170
12658
117801
228152
378446
173806
300394
334578
90614
198169
410321
196386
34061
13497
153688
114394
192206
323254
440140
201659
410533
183363
350992
262368
50761
52886
244314
185654
330170
157967
356395
393378
356727
130537
90031
395763
440071
439462
263865
244569
84888
29489
348620
207644
399312
143452
772390
147112
344314
342515
124478
440384
361684
266416
212839
123702
441430
117782
387089
180988
397287
438581
169940
284215
114678
654094
14844
613093
196106
433993
243240
261583
337905
351168
346777
2354
203257
867679
530267
544853
41502
408044
332590
81947
353928
387144
976
156333
273752
370838
115082
93121
373460
75160
628946
81332
167198
170102
124754
88803
349775
185789
330080
391944
57972
440507
734110
65041
90556
387172
325549
372136
51798
215031
288776
36435
203842
269319
407035
513324
174361
395498
286392
91569
11829
133613
18826
386688
67259
279105
323558
124138
421224
100907
585984
335452
22360
370801
825998
159434
15093
15862
309781
6954
266277
386982
751500
357309
262475
54940
470082
198074
107247
497819
13987
332918
75679
404014
4931
305737
225459
442375
284238
72539
266628
24344
157756
378523
305296
354825
134653
339940
440778
50659
404631
43801
13831
217110
336029
825612
240729
403282
16679
317043
398883
347857
91690
410527
242512
367808
126355
30440
422427
24372
255974
315534
316741
220059
178406
62397
422067
76549
333393
7325
296503
186776
155887
118721
178926
323310
337065
368524
70978
101390
345263
12202
323095
375211
351894
498037
72802
349970
374214
337137
426982
268264
143385
239126
319130
274915
103484
165355
321900
292148
312189
246224
295330
427466
414998
226957
395162
10484
72261
91446
224591
309582
321976
33657
614451
250845
203504
298202
179046
363687
430660
29542
35398
6641
664296
63627
56684
439560
549997
79749
23317
82093
286049
165030
65598
35286
317346
188703
166555
338548
559548
356307
391974
298294
310068
349066
38577
199741
416199
190962
303273
5872
193693
415720
405622
349010
309282
299697
352461
32114
345189
433069
309441
333421
288340
408196
323079
158174
696951
162806
281418
159482
105587
355433
20517
42629
438702
164350
267111
254924
512283
161789
103850
397398
430768
152416
62220
374286
74293
43096
42006
349941
93699
217302
15705
20219
217549
93458
139667
149551
368882
44187
393384
114290
198461
95439
4683
71952
45728
142566
382468
100647
79878
134584
407212
332912
289783
304288
351082
380112
770199
38351
37291
30424
412287
18431
245165
28038
317715
209441
228053
350003
37594
327266
17736
414260
153437
195236
409399
389578
850471
387674
850541
325232
350988
147604
248588
202223
55760
244575
223898
419922
256237
10845
331663
427639
325523
267434
134110
266927
664861
83532
108910
428195
419811
33838
376349
348699
434486
30482
90584
163434
98021
432932
387053
21538
30897
297908
348725
390032
